hp	mpg	mpgf	resd2	sp	var1	var2	var3	var4	varerr	varmgp	vol	wt
49	65.4	53.70068138	550.82643033331863	96	0.28507303428601888	27.367011291457816	13.968578680014928	4.9887781000053312	12.305172984129	18.643776442305638	89	17.5
55	56.0	50.01340115	212.04109594879413	97	0.28507303428601888	27.652084325743831	15.679016885731041	5.7014606857203788	12.305172984129	15.964089920017059	92	20.0
55	55.9	50.01340115	209.13876975862378	97	0.28507303428601888	27.652084325743831	15.679016885731041	5.7014606857203788	12.305172984129	15.935582616588456	92	20.0
70	49.0	45.69632238	132.18433496554008	105	0.28507303428601888	29.932668600031987	19.955112400021325	5.7014606857203788	12.305172984129	13.968578680014928	92	20.0
53	46.5	50.50423183	20.882082591360544	96	0.28507303428601888	27.367011291457816	15.108870817159003	5.7014606857203788	12.305172984129	13.25589609429988	92	20.0
70	46.2	45.69632238	75.640324959022713	105	0.28507303428601888	29.932668600031987	19.955112400021325	5.7014606857203788	12.305172984129	13.170374184014075	89	20.0
55	45.4	50.01340115	15.694519790743944	97	0.28507303428601888	27.652084325743831	15.679016885731041	5.7014606857203788	12.305172984129	12.942315756585258	92	20.0
62	59.2	46.71655428	333.19282367722356	98	0.28507303428601888	27.937157360029853	17.674528125733172	6.414143271435425	12.305172984129	16.876323629732319	50	22.5
62	53.3	46.71655428	152.61069575975144	98	0.28507303428601888	27.937157360029853	17.674528125733172	6.414143271435425	12.305172984129	15.194392727444806	50	22.5
80	43.4	42.29907817	47.348478452898525	107	0.28507303428601888	30.502814668604025	22.805842742881513	6.414143271435425	12.305172984129	12.37216968801322	94	22.5
73	41.1	44.65283424	6.8291603404010525	103	0.28507303428601888	29.36252253145995	20.810331502879378	6.414143271435425	12.305172984129	11.716501709155378	89	22.5
92	40.9	39.3540941	53.767878289969581	113	0.28507303428601888	32.213252874320131	26.226719154313738	6.414143271435425	12.305172984129	11.659487102298172	50	22.5
92	40.9	39.3540941	53.767878289969581	113	0.28507303428601888	32.213252874320131	26.226719154313738	6.414143271435425	12.305172984129	11.659487102298172	99	22.5
73	40.4	44.65283424	3.660587631381025	103	0.28507303428601888	29.36252253145995	20.810331502879378	6.414143271435425	12.305172984129	11.516950585155163	89	22.5
66	39.6	45.73489292	0.13144352794566805	100	0.28507303428601888	28.507303428601888	18.814820262877247	6.414143271435425	12.305172984129	11.28889215772635	89	22.5
73	39.3	44.65283424	0.66140194577814588	103	0.28507303428601888	29.36252253145995	20.810331502879378	6.414143271435425	12.305172984129	11.203370247440542	89	22.5
78	38.9	42.789908850000013	3.5686378137423019	106	0.28507303428601888	30.217741634318	22.235696674309472	6.414143271435425	12.305172984129	11.089341033726136	91	22.5
92	38.8	39.3540941	27.380713273769397	113	0.28507303428601888	32.213252874320131	26.226719154313738	6.414143271435425	12.305172984129	11.060833730297534	50	22.5
78	38.2	42.789908850000013	1.4139204158082888	106	0.28507303428601888	30.217741634318	22.235696674309472	6.414143271435425	12.305172984129	10.889789909725923	91	22.5
90	42.2	38.90183397	44.420911879478656	109	0.28507303428601888	31.072960737176063	25.656573085741703	7.1268258571504725	12.305172984129	12.030082046869997	103	25.0
92	40.9	38.4110033	34.302583011554956	110	0.28507303428601888	31.358033771462081	26.226719154313738	7.1268258571504725	12.305172984129	11.659487102298172	99	25.0
74	40.7	42.8284794	1.5113943564850391	101	0.28507303428601888	28.792376462887906	21.0954045371654	7.1268258571504725	12.305172984129	11.60247249544097	107	25.0
95	40.0	38.31060597	29.6892025500997	111	0.28507303428601888	31.6431068057481	27.081938257171797	7.1268258571504725	12.305172984129	11.402921371440758	101	25.0
81	39.3	40.47472334	3.22972887153325	105	0.28507303428601888	29.932668600031987	23.090915777167531	7.1268258571504725	12.305172984129	11.203370247440542	96	25.0
95	38.8	38.31060597	18.052130756744166	111	0.28507303428601888	31.6431068057481	27.081938257171797	7.1268258571504725	12.305172984129	11.060833730297534	89	25.0
92	38.4	38.4110033	11.268379500295275	110	0.28507303428601888	31.358033771462081	26.226719154313738	7.1268258571504725	12.305172984129	10.946804516583125	50	25.0
92	38.4	38.4110033	11.268379500295275	110	0.28507303428601888	31.358033771462081	26.226719154313738	7.1268258571504725	12.305172984129	10.946804516583125	117	25.0
92	38.4	38.4110033	11.268379500295275	110	0.28507303428601888	31.358033771462081	26.226719154313738	7.1268258571504725	12.305172984129	10.946804516583125	99	25.0
52	46.9	43.4694339	4.0725519133968875	90	0.28507303428601888	25.656573085741703	14.823797782872981	7.83950844286552	12.305172984129	13.369925308014288	104	27.5
103	36.3	35.404192449999988	5.0208221995800869	112	0.28507303428601888	31.928179840034119	29.36252253145995	7.83950844286552	12.305172984129	10.348151144582486	107	27.5
84	36.1	39.431235200000013	5.6964981331152188	103	0.28507303428601888	29.36252253145995	23.946134880025591	7.83950844286552	12.305172984129	10.291136537725283	114	27.5
84	36.1	39.431235200000013	5.6964981331152188	103	0.28507303428601888	29.36252253145995	23.946134880025591	7.83950844286552	12.305172984129	10.291136537725283	101	27.5
102	35.4	36.28545648	0.7204273422369125	111	0.28507303428601888	31.6431068057481	29.077449497173925	7.83950844286552	12.305172984129	10.091585413725069	97	27.5
102	35.3	36.28545648	0.56067135945728488	111	0.28507303428601888	31.6431068057481	29.077449497173925	7.83950844286552	12.305172984129	10.063078110296466	113	27.5
81	35.1	39.53163253	15.044104170473741	102	0.28507303428601888	29.077449497173925	23.090915777167531	7.83950844286552	12.305172984129	10.006063503439266	101	27.5
90	35.1	37.95874317	3.6516005106718781	106	0.28507303428601888	30.217741634318	25.656573085741703	7.83950844286552	12.305172984129	10.006063503439266	98	27.5
90	35.0	37.95874317	4.0437837395384513	106	0.28507303428601888	30.217741634318	25.656573085741703	7.83950844286552	12.305172984129	9.9775562000106625	88	27.5
102	33.2	34.07066829	5.4526850485752806	109	0.28507303428601888	31.072960737176063	29.077449497173925	8.5521910285805675	12.305172984129	9.4644247382958288	86	30.0
102	32.9	34.07066829	6.9437441542118575	109	0.28507303428601888	31.072960737176063	29.077449497173925	8.5521910285805675	12.305172984129	9.3789028280100213	86	30.0
130	32.3	31.01413094	4.7359892812472875	120	0.28507303428601888	34.208764114322269	37.059494457182463	8.5521910285805675	12.305172984129	9.20785900743841	92	30.0
95	32.2	35.152726970000013	23.144914147802322	106	0.28507303428601888	30.217741634318	27.081938257171797	8.5521910285805675	12.305172984129	9.1793517040098088	113	30.0
95	32.2	35.152726970000013	23.144914147802322	106	0.28507303428601888	30.217741634318	27.081938257171797	8.5521910285805675	12.305172984129	9.1793517040098088	106	30.0
102	32.2	34.07066829	11.122882067363794	109	0.28507303428601888	31.072960737176063	29.077449497173925	8.5521910285805675	12.305172984129	9.1793517040098088	92	30.0
95	32.2	35.152726970000013	23.144914147802322	106	0.28507303428601888	30.217741634318	27.081938257171797	8.5521910285805675	12.305172984129	9.1793517040098088	88	30.0
93	31.5	35.64355765	36.034272424806125	105	0.28507303428601888	29.932668600031987	26.511792188599759	8.5521910285805675	12.305172984129	8.979800580009595	102	30.0
100	31.5	34.56149897	20.494070527723113	108	0.28507303428601888	30.787887702890044	28.507303428601888	8.5521910285805675	12.305172984129	8.979800580009595	99	30.0
100	31.4	34.56149897	21.409478071931219	108	0.28507303428601888	30.787887702890044	28.507303428601888	8.5521910285805675	12.305172984129	8.9512932765809925	111	30.0
98	31.4	35.052329640000013	26.203924837377947	107	0.28507303428601888	30.502814668604025	27.937157360029853	8.5521910285805675	12.305172984129	8.9512932765809925	103	30.0
130	31.2	31.01413094	1.1582770800768002	120	0.28507303428601888	34.208764114322269	37.059494457182463	8.5521910285805675	12.305172984129	8.8942786697237888	86	30.0
115	33.7	29.62993595	3.3675865391810238	109	0.28507303428601888	31.072960737176063	32.783398942892175	9.9775562000106625	12.305172984129	9.6069612554388388	101	35.0
115	32.6	29.62993595	8.6148032598483975	109	0.28507303428601888	31.072960737176063	32.783398942892175	9.9775562000106625	12.305172984129	9.2933809177242175	101	35.0
115	31.3	29.62993595	17.936059384273506	109	0.28507303428601888	31.072960737176063	32.783398942892175	9.9775562000106625	12.305172984129	8.9227859731523913	101	35.0
115	31.3	29.62993595	17.936059384273506	109	0.28507303428601888	31.072960737176063	32.783398942892175	9.9775562000106625	12.305172984129	8.9227859731523913	124	35.0
180	30.4	24.48736667	44.508145966334263	133	0.28507303428601888	37.914713560040519	51.313146171483406	9.9775562000106625	12.305172984129	8.6662202422949738	113	35.0
160	28.9	26.85227868	1.5275201888661153	125	0.28507303428601888	35.634129285752363	45.611685485763025	9.9775562000106625	12.305172984129	8.238610690865945	113	35.0
130	28.0	27.85625194	21.008135268004538	115	0.28507303428601888	32.783398942892175	37.059494457182463	9.9775562000106625	12.305172984129	7.98204496000853	124	35.0
96	28.0	31.11358394	120.5312606415038	102	0.28507303428601888	29.077449497173925	27.367011291457816	9.9775562000106625	12.305172984129	7.98204496000853	92	35.0
115	28.0	29.62993595	56.7777095462756	109	0.28507303428601888	31.072960737176063	32.783398942892175	9.9775562000106625	12.305172984129	7.98204496000853	101	35.0
100	28.0	30.13192258	99.895918449030613	104	0.28507303428601888	29.647595565745969	28.507303428601888	9.9775562000106625	12.305172984129	7.98204496000853	94	35.0
100	28.0	28.8602252	90.304259916659338	105	0.28507303428601888	29.932668600031987	28.507303428601888	9.9775562000106625	12.305172984129	7.98204496000853	115	35.0
145	27.7	27.35426531	5.8746473490797163	120	0.28507303428601888	34.208764114322269	41.335589971472744	9.9775562000106625	12.305172984129	7.8965230497227238	111	35.0
120	25.6	24.609131560000006	119.22405725654292	107	0.28507303428601888	30.502814668604025	34.208764114322269	11.402921371440758	12.305172984129	7.2978696777220838	116	40.0
140	25.3	23.51591693	60.456883277556175	114	0.28507303428601888	32.498325908606156	39.91022480004265	11.402921371440758	12.305172984129	7.2123477674362788	131	40.0
140	23.9	23.51591693	84.1880101408135	114	0.28507303428601888	32.498325908606156	39.91022480004265	11.402921371440758	12.305172984129	6.8132455194358513	123	40.0
150	23.6	23.60515831	63.993357231972838	117	0.28507303428601888	33.353545011464213	42.760955142902838	11.402921371440758	12.305172984129	6.7277236091500475	121	40.0
165	23.6	23.10317168	30.690367450945381	122	0.28507303428601888	34.778910182894306	47.037050657193119	11.402921371440758	12.305172984129	6.7277236091500475	50	40.0
165	23.6	23.10317168	30.690367450945381	122	0.28507303428601888	34.778910182894306	47.037050657193119	11.402921371440758	12.305172984129	6.7277236091500475	114	40.0
165	23.6	23.10317168	30.690367450945381	122	0.28507303428601888	34.778910182894306	47.037050657193119	11.402921371440758	12.305172984129	6.7277236091500475	127	40.0
165	23.6	23.10317168	30.690367450945381	122	0.28507303428601888	34.778910182894306	47.037050657193119	11.402921371440758	12.305172984129	6.7277236091500475	123	40.0
245	23.5	21.27370792	51.130089932434013	148	0.28507303428601888	42.1908090743308	69.842893400074625	11.402921371440758	12.305172984129	6.699216305721445	112	40.0
280	23.4	19.67850666	167.80096771990956	160	0.28507303428601888	45.611685485763025	79.8204496000853	11.402921371440758	12.305172984129	6.6707090022928425	50	40.0
162	23.4	23.203569000000006	38.835679843186713	121	0.28507303428601888	34.493837148608288	46.181831554335063	11.402921371440758	12.305172984129	6.6707090022928425	135	40.0
162	23.1	23.203569000000006	42.664776624970456	121	0.28507303428601888	34.493837148608288	46.181831554335063	11.402921371440758	12.305172984129	6.5851870920070375	132	40.0
140	22.9	19.08634055	147.45631773048541	110	0.28507303428601888	31.358033771462081	39.91022480004265	12.82828654287085	12.305172984129	6.5281724851498325	160	45.0
140	22.9	19.08634055	147.45631773048541	110	0.28507303428601888	31.358033771462081	39.91022480004265	12.82828654287085	12.305172984129	6.5281724851498325	129	45.0
175	19.5	18.76283667	102.65393800637809	121	0.28507303428601888	34.493837148608288	49.887781000053306	12.82828654287085	12.305172984129	5.5589241685773681	129	45.0
322	18.1	20.20185463	102.28282850267238	165	0.28507303428601888	47.037050657193119	91.793517040098075	12.82828654287085	12.305172984129	5.1598219205769425	50	45.0
238	17.2	19.1978876	9.5171197916859463	140	0.28507303428601888	39.91022480004265	67.8473821600725	12.82828654287085	12.305172984129	4.903256189719525	115	45.0
263	17.0	20.05683973	0.025151274390383941	147	0.28507303428601888	41.905736040044781	74.974208017222975	12.82828654287085	12.305172984129	4.8462415828623213	50	45.0
295	16.7	19.83373318	22.829127756064822	157	0.28507303428601888	44.756466382904969	84.096545114375575	12.82828654287085	12.305172984129	4.760719672576515	119	45.0
236	13.2	12.10126289	144.10502069697291	130	0.28507303428601888	37.059494457182463	67.27723609150045	15.679016885731041	12.305172984129	3.7629640525754494	107	55.0
